[1723433539.748693, 1723433545.061729, 1723433545.288911, 1723433545.443433, 1723433545.5812008, 1723433545.7234392]
13.627979040145874

24.6279

[1723433691.7728808, 1723433697.0191412, 1723433697.246242, 1723433697.4031749, 1723433697.5409799, 1723433697.6828759]
13.132136106491089

24.1321

[1723433748.923399, 1723433753.3978, 1723433753.5672529, 1723433753.717118, 1723433753.855784, 1723433753.998091]
11.490906953811646

22.4909

[1723433807.662014, 1723433812.1618218, 1723433812.376318, 1723433812.528607, 1723433812.666688, 1723433812.8077388]
12.022137880325317
 23.0221

[1723433879.372318, 1723433882.0170848, 1723433884.01506, 1723433884.219734, 1723433884.371993, 1723433884.511441, 1723433884.6552372]
12.450409889221191

23.9292

[1723433917.8088782, 1723433920.657938, 1723433922.693214, 1723433922.8670819, 1723433923.0190232, 1723433923.159722, 1723433923.30992]
12.172238111495972

23.5686

[1723434056.4556842, 1723434059.3081138, 1723434061.2283862, 1723434061.3978822, 1723434061.546426, 1723434061.686146, 1723434061.827883]
12.104643106460571

23.5146

[1723433963.383301, 1723433966.2331252, 1723433968.0677602, 1723433968.2524211, 1723433968.402974, 1723433968.544472, 1723433968.6851358]
12.020579814910889

23.4149

[1723434121.411079, 1723434124.06336, 1723434126.294045, 1723434126.5574038, 1723434126.713941, 1723434126.858798, 1723434127.006387]
12.100935935974121

22.7100





[1723434769.284838, 1723434773.388729, 1723434775.455842, 1723434775.68402, 1723434775.827819, 1723434775.9690409, 1723434776.1197429]
13.796979904174805

30.2125




[1723434803.1083782, 1723434807.3993669, 1723434809.322598, 1723434809.561557, 1723434809.705798, 1723434809.848896, 1723434810.000629]
13.309298038482666

30.4732

[1723434836.970013, 1723434841.047455, 1723434843.0703201, 1723434843.287231, 1723434843.432395, 1723434843.653444, 1723434843.809001]
13.222774982452393

29.5324

[1723434867.568798, 1723434871.239927, 1723434873.193221, 1723434873.413312, 1723434873.55698, 1723434873.698612, 1723434873.8484669]
12.801735162734985

27.4861


[1723434933.731321, 3.884891986846924, 1723434939.889549, 1723434940.0768151, 1723434940.2186182, 1723434940.4813912, 1723434940.6368809]
13.60230302810669

29.1419

[1723434966.604296, 4.070743083953857, 1723434972.685816, 1723434972.862427, 1723434973.0037801, 1723434973.1541288, 1723434973.306371]
13.24874496459961

29.5315

[1723435002.502416, 4.082566022872925, 1723435008.559652, 1723435008.795497, 1723435008.9404118, 1723435009.082442, 1723435009.2320309]
13.144783020019531

29.4748

[1723435037.819081, 3.6705257892608643, 1723435043.593472, 1723435043.826099, 1723435043.972662, 1723435044.11419, 1723435044.2603142]
13.220627784729004

27.9026

[1723435073.737695, 3.652552843093872, 1723435079.391335, 1723435079.615577, 1723435079.759336, 1723435079.9000509, 1723435080.0506911]
12.996976852416992

27.6047






[1723470356.073958, 9.373599290847778, 1723470368.613656, 1723470368.813828, 1723470368.9552581, 1723470369.118892, 1723470369.257557]
19.013129949569702
56.5071

[1723470588.591403, 8.163879871368408, 1723470600.118558, 1723470600.326168, 1723470600.4740689, 1723470600.622953, 1723470600.772846]
18.209654092788696
50.8648


[1723470486.960652, 5.931924819946289, 1723470495.918731, 1723470496.0900521, 1723470496.2281458, 1723470496.373179, 1723470496.511988]
15.687926054000854
39.4155

[1723470674.407927, 8.792771100997925, 1723470686.6180658, 1723470686.7988071, 1723470686.9461482, 1723470687.085645, 1723470687.229357]
18.787882328033447
53.9591

[1723470718.397673, 8.624136924743652, 1723470731.08905, 1723470731.2966342, 1723470731.44509, 1723470731.586565, 1723470731.730402]
20.375697135925293
54.872

[1723470797.681777, 7.172353982925415, 1723470808.156874, 1723470808.3463948, 1723470808.487135, 1723470808.6301818, 1723470808.771323]
17.25577402114868
45.9454

[1723470897.455911, 6.738514184951782, 1723470907.599807, 1723470907.788676, 1723470907.9308438, 1723470908.079482, 1723470908.2206779]
16.818422079086304
43.7724

[1723470991.019907, 5.303362846374512, 1723470999.806444, 1723471000.008296, 1723471000.149756, 1723471000.2967858, 1723471000.436513]
15.714369058609009
36.9279

[1723471026.8441532, 8.191624879837036, 1723471038.6345322, 1723471038.818859, 1723471038.9659982, 1723471039.1089878, 1723471039.251144]
19.00448203086853
51.7709